ID X Y Z
1 4.668679 4.874204 99.453543
2 4.709812 4.417797 10.767904
3 5.151704 5.424994 21.695268
4 4.641615 5.159909 33.086947
5 4.728145 5.092040 44.801108
6 4.954256 4.307161 55.920105
7 4.352144 4.941513 67.264865
8 5.241974 4.669296 77.366682
9 5.605515 4.702231 88.875330
10 5.629791 4.968888 99.758566
11 4.668678 14.874204 99.453543
12 4.709812 14.417796 10.767904
13 5.151704 15.424993 21.695268
14 4.641615 15.159908 33.086947
15 4.728145 15.092039 44.801108
16 4.954256 14.307160 55.920105
17 4.352144 14.941512 67.264865
18 5.241974 14.669295 77.366682
19 5.605515 14.702230 88.875330
20 5.629792 14.968886 99.758566
21 4.668678 24.874203 99.453542
22 4.709812 24.417795 10.767904
23 5.151704 25.424993 21.695268
24 4.641615 25.159908 33.086948
25 4.728145 25.092038 44.801107
26 4.954256 24.307159 55.920105
27 4.352144 24.941512 67.264865
28 5.241974 24.669294 77.366682
29 5.605515 24.702230 88.875331
30 5.629792 24.968886 99.758566
31 4.668678 34.874203 99.453542
32 4.709812 34.417796 10.767904
33 5.151705 35.424993 21.695269
34 4.641615 35.159907 33.086948
35 4.728145 35.092038 44.801107
36 4.954257 34.307160 55.920104
37 4.352144 34.941512 67.264865
38 5.241974 34.669295 77.366682
39 5.605515 34.702230 88.875331
40 5.629792 34.968886 99.758566
41 4.668678 44.874204 99.453543
42 4.709812 44.417797 10.767904
43 5.151705 45.424994 21.695269
44 4.641615 45.159908 33.086948
45 4.728145 45.092039 44.801107
46 4.954257 44.307160 55.920104
47 4.352144 44.941513 67.264865
48 5.241974 44.669296 77.366682
49 5.605515 44.702231 88.875332
50 5.629792 44.968888 99.758566
51 4.668678 54.874205 99.453543
52 4.709812 54.417798 10.767904
53 5.151705 55.424995 21.695269
54 4.641615 55.159909 33.086948
55 4.728145 55.092041 44.801107
56 4.954257 54.307162 55.920104
57 4.352144 54.941514 67.264865
58 5.241974 54.669297 77.366683
59 5.605515 54.702232 88.875332
60 5.629792 54.968889 99.758566
61 4.668678 64.874206 99.453543
62 4.709812 64.417799 10.767904
63 5.151705 65.424996 21.695269
64 4.641615 65.159911 33.086948
65 4.728146 65.092042 44.801107
66 4.954257 64.307163 55.920105
67 4.352144 64.941514 67.264865
68 5.241974 64.669297 77.366683
69 5.605514 64.702233 88.875331
70 5.629791 64.968890 99.758566
71 4.668678 74.874206 99.453543
72 4.709812 74.417799 10.767904
73 5.151705 75.424996 21.695268
74 4.641614 75.159911 33.086948
75 4.728146 75.092042 44.801107
76 4.954257 74.307163 55.920105
77 4.352144 74.941515 67.264865
78 5.241974 74.669298 77.366683
79 5.605515 74.702234 88.875331
80 5.629791 74.968890 99.758566
81 4.668678 84.874206 99.453543
82 4.709812 84.417799 10.767904
83 5.151705 85.424996 21.695268
84 4.641614 85.159911 33.086948
85 4.728146 85.092042 44.801107
86 4.954257 84.307163 55.920105
87 4.352144 84.941514 67.264865
88 5.241974 84.669297 77.366683
89 5.605514 84.702233 88.875331
90 5.629791 84.968890 99.758566
91 4.668679 94.874205 99.453543
92 4.709812 94.417798 10.767904
93 5.151704 95.424995 21.695268
94 4.641615 95.159910 33.086947
95 4.728146 95.092041 44.801107
96 4.954256 94.307162 55.920105
97 4.352144 94.941513 67.264865
98 5.241974 94.669296 77.366683
99 5.605515 94.702233 88.875330
100 5.629791 94.968889 99.758566
101 14.668678 4.874205 99.453543
102 14.709811 4.417797 10.767905
103 15.151704 5.424994 21.695268
104 14.641614 5.159909 33.086947
105 14.728145 5.092040 44.801108
106 14.954255 4.307161 55.920105
107 14.352143 4.941513 67.264865
108 15.241973 4.669296 77.366682
109 15.605514 4.702232 88.875330
110 15.629791 4.968888 99.758566
111 14.668678 14.874204 99.453542
112 14.709812 14.417796 10.767905
113 15.151704 15.424993 21.695268
114 14.641614 15.159908 33.086947
115 14.728144 15.092039 44.801108
116 14.954255 14.307160 55.920105
117 14.352143 14.941512 67.264865
118 15.241973 14.669295 77.366682
119 15.605514 14.702231 88.875330
120 15.629791 14.968887 99.758566
121 14.668677 24.874203 99.453542
122 14.709811 24.417795 10.767905
123 15.151704 25.424992 21.695268
124 14.641615 25.159907 33.086948
125 14.728144 25.092039 44.801107
126 14.954256 24.307160 55.920104
127 14.352143 24.941512 67.264865
128 15.241973 24.669294 77.366682
129 15.605514 24.702230 88.875331
130 15.629791 24.968886 99.758566
131 14.668677 34.874204 99.453542
132 14.709811 34.417795 10.767904
133 15.151704 35.424993 21.695269
134 14.641615 35.159908 33.086948
135 14.728144 35.092039 44.801107
136 14.954256 34.307160 55.920104
137 14.352143 34.941512 67.264865
138 15.241973 34.669295 77.366682
139 15.605514 34.702230 88.875331
140 15.629791 34.968887 99.758566
141 14.668677 44.874204 99.453543
142 14.709811 44.417797 10.767904
143 15.151704 45.424994 21.695269
144 14.641615 45.159908 33.086948
145 14.728144 45.092040 44.801107
146 14.954256 44.307161 55.920104
147 14.352143 44.941513 67.264865
148 15.241973 44.669296 77.366682
149 15.605514 44.702231 88.875331
150 15.629791 44.968888 99.758566
151 14.668677 54.874205 99.453543
152 14.709811 54.417798 10.767904
153 15.151704 55.424995 21.695269
154 14.641614 55.159910 33.086948
155 14.728145 55.092041 44.801107
156 14.954257 54.307162 55.920104
157 14.352143 54.941514 67.264865
158 15.241973 54.669297 77.366682
159 15.605514 54.702232 88.875331
160 15.629791 54.968889 99.758566
161 14.668677 64.874206 99.453543
162 14.709811 64.417799 10.767904
163 15.151704 65.424996 21.695268
164 14.641614 65.159911 33.086948
165 14.728145 65.092042 44.801107
166 14.954257 64.307163 55.920104
167 14.352143 64.941514 67.264865
168 15.241973 64.669297 77.366683
169 15.605514 64.702233 88.875331
170 15.629791 64.968890 99.758566
171 14.668678 74.874207 99.453543
172 14.709811 74.417800 10.767905
173 15.151704 75.424996 21.695268
174 14.641614 75.159911 33.086948
175 14.728145 75.092042 44.801107
176 14.954256 74.307163 55.920105
177 14.352143 74.941515 67.264865
178 15.241973 74.669298 77.366683
179 15.605514 74.702234 88.875331
180 15.629791 74.968890 99.758566
181 14.668678 84.874206 99.453543
182 14.709811 84.417799 10.767905
183 15.151704 85.424996 21.695268
184 14.641614 85.159911 33.086948
185 14.728145 85.092042 44.801107
186 14.954256 84.307163 55.920105
187 14.352143 84.941514 67.264865
188 15.241973 84.669297 77.366683
189 15.605514 84.702234 88.875330
190 15.629791 84.968890 99.758566
191 14.668678 94.874205 99.453543
192 14.709812 94.417798 10.767905
193 15.151704 95.424995 21.695268
194 14.641614 95.159911 33.086947
195 14.728145 95.092041 44.801107
196 14.954256 94.307162 55.920105
197 14.352143 94.941514 67.264865
198 15.241973 94.669296 77.366682
199 15.605514 94.702233 88.875330
200 15.629791 94.968889 99.758566
201 24.668677 4.874205 99.453543
202 24.709811 4.417797 10.767905
203 25.151704 5.424994 21.695268
204 24.641614 5.159910 33.086947
205 24.728145 5.092040 44.801108
206 24.954255 4.307161 55.920105
207 24.352143 4.941512 67.264865
208 25.241972 4.669295 77.366682
209 25.605514 4.702232 88.875330
210 25.629790 4.968888 99.758566
211 24.668677 14.874204 99.453542
212 24.709811 14.417796 10.767905
213 25.151703 15.424993 21.695268
214 24.641614 15.159909 33.086947
215 24.728144 15.092039 44.801108
216 24.954255 14.307160 55.920105
217 24.352143 14.941512 67.264865
218 25.241973 14.669295 77.366682
219 25.605514 14.702231 88.875330
220 25.629790 14.968887 99.758566
221 24.668677 24.874203 99.453542
222 24.709811 24.417795 10.767905
223 25.151703 25.424992 21.695268
224 24.641614 25.159908 33.086948
225 24.728144 25.092039 44.801108
226 24.954255 24.307160 55.920104
227 24.352143 24.941511 67.264865
228 25.241973 24.669294 77.366682
229 25.605514 24.702230 88.875331
230 25.629790 24.968886 99.758566
231 24.668677 34.874204 99.453542
232 24.709811 34.417795 10.767905
233 25.151704 35.424993 21.695268
234 24.641614 35.159908 33.086948
235 24.728144 35.092039 44.801107
236 24.954256 34.307160 55.920104
237 24.352143 34.941512 67.264865
238 25.241973 34.669295 77.366682
239 25.605514 34.702230 88.875331
240 25.629790 34.968887 99.758566
241 24.668677 44.874204 99.453543
242 24.709811 44.417796 10.767905
243 25.151704 45.424994 21.695268
244 24.641614 45.159909 33.086948
245 24.728144 45.092040 44.801107
246 24.954256 44.307161 55.920104
247 24.352142 44.941512 67.264865
248 25.241973 44.669296 77.366682
249 25.605514 44.702231 88.875331
250 25.629791 44.968888 99.758566
251 24.668677 54.874205 99.453543
252 24.709811 54.417798 10.767905
253 25.151704 55.424995 21.695268
254 24.641614 55.159910 33.086948
255 24.728145 55.092041 44.801107
256 24.954256 54.307162 55.920104
257 24.352143 54.941513 67.264865
258 25.241973 54.669297 77.366682
259 25.605514 54.702232 88.875331
260 25.629790 54.968889 99.758566
261 24.668677 64.874206 99.453543
262 24.709811 64.417799 10.767905
263 25.151704 65.424996 21.695268
264 24.641614 65.159911 33.086948
265 24.728145 65.092042 44.801107
266 24.954256 64.307163 55.920104
267 24.352143 64.941514 67.264865
268 25.241973 64.669297 77.366682
269 25.605513 64.702234 88.875331
270 25.629790 64.968890 99.758567
271 24.668677 74.874207 99.453543
272 24.709811 74.417800 10.767905
273 25.151704 75.424996 21.695268
274 24.641613 75.159912 33.086948
275 24.728145 75.092042 44.801107
276 24.954256 74.307163 55.920105
277 24.352142 74.941514 67.264865
278 25.241973 74.669298 77.366683
279 25.605513 74.702234 88.875331
280 25.629790 74.968890 99.758566
281 24.668677 84.874206 99.453543
282 24.709811 84.417799 10.767905
283 25.151704 85.424996 21.695268
284 24.641614 85.159912 33.086948
285 24.728145 85.092042 44.801107
286 24.954256 84.307163 55.920105
287 24.352143 84.941514 67.264865
288 25.241973 84.669297 77.366682
289 25.605513 84.702234 88.875330
290 25.629790 84.968890 99.758566
291 24.668677 94.874206 99.453543
292 24.709811 94.417798 10.767905
293 25.151703 95.424995 21.695268
294 24.641614 95.159911 33.086947
295 24.728145 95.092041 44.801108
296 24.954255 94.307162 55.920105
297 24.352143 94.941513 67.264865
298 25.241973 94.669296 77.366682
299 25.605514 94.702233 88.875330
300 25.629790 94.968889 99.758566
301 34.668677 4.874205 99.453543
302 34.709812 4.417797 10.767905
303 35.151704 5.424994 21.695268
304 34.641614 5.159910 33.086947
305 34.728145 5.092040 44.801108
306 34.954256 4.307161 55.920105
307 34.352144 4.941512 67.264864
308 35.241973 4.669295 77.366682
309 35.605514 4.702232 88.875330
310 35.629791 4.968888 99.758566
311 34.668677 14.874204 99.453542
312 34.709812 14.417796 10.767905
313 35.151704 15.424993 21.695268
314 34.641615 15.159909 33.086947
315 34.728145 15.092039 44.801108
316 34.954255 14.307160 55.920105
317 34.352144 14.941511 67.264864
318 35.241973 14.669294 77.366682
319 35.605514 14.702231 88.875330
320 35.629791 14.968887 99.758566
321 34.668677 24.874204 99.453542
322 34.709812 24.417795 10.767905
323 35.151704 25.424993 21.695268
324 34.641615 25.159908 33.086948
325 34.728145 25.092039 44.801108
326 34.954256 24.307160 55.920105
327 34.352143 24.941511 67.264865
328 35.241973 24.669294 77.366682
329 35.605514 24.702230 88.875330
330 35.629791 24.968886 99.758566
331 34.668677 34.874204 99.453542
332 34.709812 34.417796 10.767905
333 35.151704 35.424993 21.695268
334 34.641615 35.159908 33.086948
335 34.728145 35.092039 44.801108
336 34.954256 34.307160 55.920104
337 34.352143 34.941511 67.264865
338 35.241973 34.669295 77.366682
339 35.605514 34.702231 88.875331
340 35.629791 34.968887 99.758566
341 34.668677 44.874204 99.453542
342 34.709812 44.417797 10.767905
343 35.151704 45.424994 21.695268
344 34.641615 45.159909 33.086948
345 34.728145 45.092040 44.801107
346 34.954256 44.307161 55.920104
347 34.352143 44.941512 67.264865
348 35.241973 44.669295 77.366682
349 35.605514 44.702231 88.875331
350 35.629791 44.968888 99.758566
351 34.668677 54.874206 99.453543
352 34.709812 54.417798 10.767905
353 35.151704 55.424995 21.695268
354 34.641614 55.159910 33.086948
355 34.728145 55.092041 44.801107
356 34.954257 54.307162 55.920105
357 34.352143 54.941513 67.264865
358 35.241973 54.669296 77.366682
359 35.605514 54.702232 88.875331
360 35.629791 54.968889 99.758566
361 34.668677 64.874206 99.453543
362 34.709812 64.417799 10.767905
363 35.151704 65.424996 21.695268
364 34.641614 65.159911 33.086948
365 34.728146 65.092042 44.801107
366 34.954257 64.307163 55.920105
367 34.352143 64.941514 67.264865
368 35.241973 64.669297 77.366682
369 35.605514 64.702233 88.875331
370 35.629791 64.968890 99.758566
371 34.668677 74.874207 99.453543
372 34.709812 74.417799 10.767905
373 35.151704 75.424996 21.695268
374 34.641614 75.159912 33.086948
375 34.728146 75.092042 44.801107
376 34.954256 74.307163 55.920105
377 34.352143 74.941514 67.264865
378 35.241973 74.669297 77.366682
379 35.605514 74.702234 88.875331
380 35.629791 74.968891 99.758566
381 34.668677 84.874207 99.453543
382 34.709812 84.417799 10.767905
383 35.151704 85.424996 21.695268
384 34.641614 85.159912 33.086948
385 34.728146 85.092042 44.801108
386 34.954256 84.307163 55.920105
387 34.352143 84.941514 67.264864
388 35.241973 84.669297 77.366682
389 35.605514 84.702234 88.875330
390 35.629791 84.968890 99.758566
391 34.668677 94.874206 99.453543
392 34.709812 94.417798 10.767905
393 35.151704 95.424995 21.695268
394 34.641614 95.159911 33.086947
395 34.728146 95.092041 44.801108
396 34.954256 94.307162 55.920105
397 34.352143 94.941513 67.264864
398 35.241973 94.669296 77.366682
399 35.605514 94.702233 88.875330
400 35.629791 94.968889 99.758566
401 44.668678 4.874205 99.453542
402 44.709813 4.417797 10.767905
403 45.151704 5.424994 21.695268
404 44.641615 5.159910 33.086947
405 44.728146 5.092040 44.801108
406 44.954256 4.307161 55.920105
407 44.352145 4.941512 67.264864
408 45.241974 4.669295 77.366682
409 45.605515 4.702232 88.875330
410 45.629791 4.968888 99.758566
411 44.668678 14.874204 99.453542
412 44.709813 14.417796 10.767905
413 45.151704 15.424993 21.695268
414 44.641616 15.159909 33.086947
415 44.728146 15.092039 44.801108
416 44.954256 14.307160 55.920105
417 44.352145 14.941511 67.264864
418 45.241974 14.669294 77.366682
419 45.605515 14.702231 88.875330
420 45.629791 14.968887 99.758566
421 44.668678 24.874204 99.453542
422 44.709813 24.417795 10.767905
423 45.151704 25.424993 21.695268
424 44.641616 25.159908 33.086948
425 44.728146 25.092039 44.801108
426 44.954256 24.307159 55.920105
427 44.352144 24.941511 67.264864
428 45.241974 24.669294 77.366682
429 45.605515 24.702230 88.875331
430 45.629792 24.968886 99.758566
431 44.668678 34.874204 99.453542
432 44.709813 34.417796 10.767905
433 45.151705 35.424993 21.695268
434 44.641616 35.159909 33.086948
435 44.728145 35.092039 44.801108
436 44.954257 34.307159 55.920105
437 44.352144 34.941511 67.264864
438 45.241974 34.669294 77.366682
439 45.605515 34.702230 88.875331
440 45.629792 34.968887 99.758566
441 44.668678 44.874205 99.453542
442 44.709813 44.417796 10.767905
443 45.151705 45.424994 21.695268
444 44.641616 45.159909 33.086948
445 44.728146 45.092040 44.801108
446 44.954257 44.307160 55.920105
447 44.352144 44.941512 67.264864
448 45.241974 44.669295 77.366682
449 45.605515 44.702231 88.875331
450 45.629792 44.968888 99.758566
451 44.668678 54.874206 99.453543
452 44.709813 54.417798 10.767905
453 45.151705 55.424995 21.695268
454 44.641615 55.159910 33.086948
455 44.728146 55.092041 44.801108
456 44.954257 54.307161 55.920105
457 44.352144 54.941513 67.264864
458 45.241974 54.669296 77.366682
459 45.605515 54.702232 88.875331
460 45.629791 54.968889 99.758566
461 44.668678 64.874206 99.453543
462 44.709813 64.417799 10.767905
463 45.151705 65.424996 21.695268
464 44.641615 65.159912 33.086948
465 44.728147 65.092042 44.801108
466 44.954257 64.307163 55.920105
467 44.352144 64.941514 67.264864
468 45.241974 64.669297 77.366682
469 45.605515 64.702233 88.875331
470 45.629791 64.968890 99.758566
471 44.668678 74.874207 99.453543
472 44.709813 74.417800 10.767905
473 45.151705 75.424996 21.695268
474 44.641615 75.159912 33.086948
475 44.728147 75.092042 44.801108
476 44.954257 74.307163 55.920105
477 44.352144 74.941514 67.264864
478 45.241974 74.669297 77.366682
479 45.605515 74.702234 88.875331
480 45.629791 74.968891 99.758566
481 44.668678 84.874206 99.453543
482 44.709813 84.417799 10.767905
483 45.151705 85.424996 21.695268
484 44.641615 85.159912 33.086948
485 44.728147 85.092042 44.801108
486 44.954257 84.307163 55.920105
487 44.352144 84.941514 67.264864
488 45.241974 84.669297 77.366682
489 45.605515 84.702234 88.875330
490 45.629791 84.968890 99.758566
491 44.668678 94.874206 99.453543
492 44.709813 94.417798 10.767905
493 45.151704 95.424995 21.695268
494 44.641615 95.159911 33.086947
495 44.728147 95.092041 44.801108
496 44.954256 94.307162 55.920105
497 44.352144 94.941513 67.264864
498 45.241974 94.669296 77.366682
499 45.605515 94.702233 88.875330
500 45.629791 94.968889 99.758566
501 54.668679 4.874205 99.453542
502 54.709814 4.417797 10.767905
503 55.151705 5.424994 21.695268
504 54.641616 5.159910 33.086947
505 54.728147 5.092040 44.801108
506 54.954257 4.307160 55.920105
507 54.352146 4.941512 67.264864
508 55.241975 4.669295 77.366682
509 55.605516 4.702232 88.875330
510 55.629792 4.968888 99.758566
511 54.668679 14.874204 99.453542
512 54.709814 14.417796 10.767905
513 55.151705 15.424993 21.695268
514 54.641617 15.159909 33.086947
515 54.728147 15.092039 44.801108
516 54.954257 14.307160 55.920105
517 54.352146 14.941511 67.264864
518 55.241975 14.669294 77.366682
519 55.605517 14.702231 88.875330
520 55.629792 14.968887 99.758566
521 54.668679 24.874203 99.453542
522 54.709814 24.417796 10.767905
523 55.151705 25.424993 21.695268
524 54.641617 25.159908 33.086948
525 54.728146 25.092038 44.801108
526 54.954257 24.307159 55.920105
527 54.352146 24.941511 67.264864
528 55.241975 24.669294 77.366682
529 55.605517 24.702230 88.875331
530 55.629792 24.968886 99.758566
531 54.668679 34.874204 99.453542
532 54.709814 34.417796 10.767905
533 55.151705 35.424993 21.695268
534 54.641617 35.159908 33.086948
535 54.728146 35.092038 44.801108
536 54.954258 34.307159 55.920105
537 54.352145 34.941511 67.264864
538 55.241975 34.669294 77.366682
539 55.605517 34.702230 88.875331
540 55.629793 34.968887 99.758566
541 54.668679 44.874204 99.453542
542 54.709814 44.417797 10.767905
543 55.151706 45.424994 21.695268
544 54.641617 45.159909 33.086948
545 54.728147 45.092039 44.801108
546 54.954258 44.307160 55.920105
547 54.352145 44.941512 67.264864
548 55.241975 44.669295 77.366682
549 55.605517 44.702231 88.875331
550 55.629792 44.968888 99.758566
551 54.668679 54.874205 99.453543
552 54.709814 54.417798 10.767905
553 55.151706 55.424995 21.695268
554 54.641616 55.159910 33.086948
555 54.728147 55.092041 44.801108
556 54.954258 54.307161 55.920105
557 54.352145 54.941513 67.264864
558 55.241975 54.669296 77.366682
559 55.605516 54.702232 88.875331
560 55.629792 54.968889 99.758566
561 54.668679 64.874206 99.453543
562 54.709814 64.417799 10.767905
563 55.151706 65.424996 21.695268
564 54.641616 65.159911 33.086948
565 54.728147 65.092041 44.801108
566 54.954258 64.307162 55.920105
567 54.352145 64.941513 67.264864
568 55.241975 64.669297 77.366682
569 55.605516 64.702233 88.875331
570 55.629792 64.968890 99.758566
571 54.668679 74.874207 99.453543
572 54.709814 74.417799 10.767905
573 55.151706 75.424996 21.695268
574 54.641616 75.159912 33.086948
575 54.728148 75.092042 44.801108
576 54.954258 74.307163 55.920105
577 54.352145 74.941514 67.264864
578 55.241975 74.669297 77.366682
579 55.605516 74.702233 88.875331
580 55.629792 74.968891 99.758566
581 54.668679 84.874207 99.453543
582 54.709814 84.417799 10.767905
583 55.151705 85.424996 21.695268
584 54.641616 85.159912 33.086948
585 54.728148 85.092042 44.801108
586 54.954257 84.307162 55.920105
587 54.352145 84.941513 67.264864
588 55.241975 84.669297 77.366682
589 55.605516 84.702233 88.875330
590 55.629792 84.968891 99.758566
591 54.668679 94.874206 99.453543
592 54.709814 94.417798 10.767905
593 55.151705 95.424995 21.695268
594 54.641616 95.159911 33.086947
595 54.728148 95.092041 44.801108
596 54.954257 94.307162 55.920105
597 54.352146 94.941513 67.264864
598 55.241975 94.669296 77.366682
599 55.605517 94.702233 88.875330
600 55.629792 94.968889 99.758566
601 64.668680 4.874205 99.453543
602 64.709815 4.417797 10.767904
603 65.151706 5.424994 21.695268
604 64.641617 5.159910 33.086947
605 64.728148 5.092040 44.801108
606 64.954258 4.307160 55.920105
607 64.352147 4.941512 67.264864
608 65.241976 4.669295 77.366682
609 65.605517 4.702231 88.875330
610 65.629793 4.968888 99.758566
611 64.668680 14.874204 99.453542
612 64.709815 14.417796 10.767904
613 65.151706 15.424993 21.695268
614 64.641617 15.159909 33.086947
615 64.728147 15.092039 44.801108
616 64.954258 14.307159 55.920105
617 64.352147 14.941511 67.264864
618 65.241976 14.669294 77.366682
619 65.605517 14.702230 88.875330
620 65.629793 14.968887 99.758566
621 64.668680 24.874203 99.453542
622 64.709815 24.417795 10.767904
623 65.151706 25.424993 21.695268
624 64.641618 25.159908 33.086947
625 64.728147 25.092038 44.801108
626 64.954258 24.307159 55.920105
627 64.352146 24.941511 67.264864
628 65.241976 24.669294 77.366682
629 65.605517 24.702230 88.875331
630 65.629793 24.968886 99.758566
631 64.668679 34.874204 99.453542
632 64.709815 34.417796 10.767904
633 65.151706 35.424993 21.695268
634 64.641618 35.159908 33.086948
635 64.728147 35.092038 44.801108
636 64.954258 34.307159 55.920105
637 64.352146 34.941511 67.264864
638 65.241976 34.669294 77.366682
639 65.605517 34.702230 88.875331
640 65.629793 34.968887 99.758566
641 64.668679 44.874204 99.453543
642 64.709815 44.417797 10.767904
643 65.151706 45.424994 21.695268
644 64.641618 45.159909 33.086948
645 64.728147 45.092039 44.801108
646 64.954259 44.307160 55.920105
647 64.352146 44.941512 67.264864
648 65.241976 44.669295 77.366682
649 65.605517 44.702231 88.875332
650 65.629793 44.968888 99.758566
651 64.668679 54.874205 99.453543
652 64.709815 54.417798 10.767904
653 65.151706 55.424995 21.695268
654 64.641617 55.159910 33.086948
655 64.728148 55.092040 44.801108
656 64.954259 54.307161 55.920105
657 64.352146 54.941513 67.264864
658 65.241976 54.669296 77.366682
659 65.605517 54.702232 88.875332
660 65.629793 54.968889 99.758566
661 64.668679 64.874206 99.453543
662 64.709815 64.417799 10.767904
663 65.151707 65.424996 21.695268
664 64.641617 65.159912 33.086948
665 64.728148 65.092041 44.801108
666 64.954259 64.307162 55.920105
667 64.352146 64.941514 67.264864
668 65.241976 64.669297 77.366682
669 65.605517 64.702233 88.875331
670 65.629793 64.968890 99.758566
671 64.668680 74.874207 99.453543
672 64.709815 74.417799 10.767904
673 65.151706 75.424997 21.695268
674 64.641617 75.159912 33.086948
675 64.728148 75.092042 44.801108
676 64.954259 74.307163 55.920105
677 64.352146 74.941514 67.264864
678 65.241976 74.669297 77.366682
679 65.605517 74.702233 88.875331
680 65.629793 74.968891 99.758566
681 64.668680 84.874207 99.453543
682 64.709815 84.417799 10.767904
683 65.151706 85.424996 21.695268
684 64.641617 85.159912 33.086947
685 64.728148 85.092041 44.801108
686 64.954258 84.307162 55.920105
687 64.352146 84.941514 67.264864
688 65.241976 84.669297 77.366682
689 65.605517 84.702233 88.875331
690 65.629793 84.968890 99.758566
691 64.668680 94.874206 99.453543
692 64.709815 94.417798 10.767905
693 65.151706 95.424995 21.695268
694 64.641617 95.159911 33.086947
695 64.728148 95.092041 44.801108
696 64.954258 94.307161 55.920105
697 64.352147 94.941513 67.264864
698 65.241976 94.669296 77.366682
699 65.605517 94.702232 88.875330
700 65.629793 94.968889 99.758566
701 74.668680 4.874205 99.453543
702 74.709815 4.417797 10.767904
703 75.151706 5.424994 21.695268
704 74.641617 5.159910 33.086947
705 74.728148 5.092039 44.801108
706 74.954258 4.307160 55.920105
707 74.352147 4.941512 67.264864
708 75.241976 4.669295 77.366682
709 75.605518 4.702231 88.875330
710 75.629793 4.968888 99.758566
711 74.668680 14.874204 99.453542
712 74.709815 14.417796 10.767904
713 75.151706 15.424993 21.695268
714 74.641618 15.159909 33.086947
715 74.728147 15.092039 44.801108
716 74.954258 14.307159 55.920105
717 74.352147 14.941511 67.264864
718 75.241976 14.669294 77.366682
719 75.605518 14.702230 88.875331
720 75.629793 14.968887 99.758566
721 74.668680 24.874203 99.453542
722 74.709815 24.417796 10.767904
723 75.151706 25.424993 21.695268
724 74.641618 25.159908 33.086947
725 74.728147 25.092038 44.801108
726 74.954258 24.307159 55.920105
727 74.352146 24.941511 67.264864
728 75.241976 24.669294 77.366682
729 75.605518 24.702230 88.875331
730 75.629794 24.968886 99.758566
731 74.668680 34.874204 99.453542
732 74.709815 34.417796 10.767904
733 75.151706 35.424993 21.695268
734 74.641618 35.159908 33.086948
735 74.728147 35.092038 44.801108
736 74.954258 34.307159 55.920105
737 74.352146 34.941511 67.264864
738 75.241976 34.669294 77.366682
739 75.605517 34.702230 88.875331
740 75.629794 34.968887 99.758566
741 74.668680 44.874204 99.453543
742 74.709815 44.417797 10.767904
743 75.151706 45.424994 21.695269
744 74.641618 45.159909 33.086948
745 74.728148 45.092039 44.801108
746 74.954259 44.307160 55.920105
747 74.352146 44.941512 67.264864
748 75.241976 44.669295 77.366682
749 75.605517 44.702231 88.875332
750 75.629793 44.968888 99.758566
751 74.668680 54.874205 99.453543
752 74.709815 54.417798 10.767904
753 75.151707 55.424995 21.695269
754 74.641617 55.159910 33.086948
755 74.728148 55.092040 44.801108
756 74.954259 54.307161 55.920105
757 74.352146 54.941513 67.264864
758 75.241976 54.669296 77.366682
759 75.605517 54.702232 88.875332
760 75.629793 54.968889 99.758566
761 74.668680 64.874206 99.453543
762 74.709815 64.417799 10.767904
763 75.151707 65.424996 21.695268
764 74.641617 65.159911 33.086948
765 74.728148 65.092041 44.801108
766 74.954259 64.307162 55.920105
767 74.352146 64.941514 67.264864
768 75.241976 64.669297 77.366683
769 75.605518 64.702233 88.875332
770 75.629793 64.968890 99.758566
771 74.668680 74.874207 99.453543
772 74.709815 74.417800 10.767904
773 75.151706 75.424996 21.695268
774 74.641617 75.159912 33.086948
775 74.728149 75.092042 44.801108
776 74.954259 74.307163 55.920105
777 74.352146 74.941514 67.264864
778 75.241976 74.669297 77.366683
779 75.605517 74.702233 88.875331
780 75.629793 74.968891 99.758566
781 74.668680 84.874206 99.453543
782 74.709815 84.417799 10.767904
783 75.151706 85.424996 21.695268
784 74.641617 85.159912 33.086947
785 74.728149 85.092041 44.801108
786 74.954258 84.307162 55.920105
787 74.352146 84.941514 67.264864
788 75.241976 84.669297 77.366683
789 75.605518 84.702233 88.875331
790 75.629793 84.968890 99.758566
791 74.668680 94.874206 99.453543
792 74.709815 94.417799 10.767904
793 75.151706 95.424995 21.695268
794 74.641617 95.159911 33.086947
795 74.728148 95.092041 44.801108
796 74.954258 94.307161 55.920105
797 74.352147 94.941513 67.264864
798 75.241976 94.669296 77.366682
799 75.605517 94.702232 88.875330
800 75.629793 94.968889 99.758566
801 84.668680 4.874204 99.453543
802 84.709815 4.417797 10.767904
803 85.151706 5.424994 21.695268
804 84.641617 5.159909 33.086947
805 84.728147 5.092039 44.801108
806 84.954258 4.307160 55.920105
807 84.352146 4.941512 67.264864
808 85.241976 4.669295 77.366682
809 85.605517 4.702231 88.875330
810 85.629793 4.968888 99.758566
811 84.668680 14.874204 99.453542
812 84.709815 14.417796 10.767904
813 85.151706 15.424993 21.695268
814 84.641617 15.159908 33.086947
815 84.728147 15.092039 44.801108
816 84.954258 14.307159 55.920105
817 84.352146 14.941512 67.264864
818 85.241976 14.669294 77.366682
819 85.605517 14.702230 88.875331
820 85.629793 14.968886 99.758566
821 84.668680 24.874203 99.453542
822 84.709815 24.417795 10.767904
823 85.151706 25.424992 21.695268
824 84.641617 25.159908 33.086947
825 84.728147 25.092038 44.801108
826 84.954258 24.307159 55.920105
827 84.352146 24.941511 67.264865
828 85.241976 24.669294 77.366682
829 85.605517 24.702230 88.875331
830 85.629793 24.968886 99.758566
831 84.668680 34.874203 99.453542
832 84.709815 34.417796 10.767904
833 85.151706 35.424993 21.695269
834 84.641617 35.159908 33.086948
835 84.728147 35.092038 44.801108
836 84.954258 34.307159 55.920105
837 84.352146 34.941512 67.264865
838 85.241976 34.669295 77.366682
839 85.605517 34.702230 88.875331
840 85.629793 34.968886 99.758566
841 84.668680 44.874204 99.453543
842 84.709814 44.417797 10.767904
843 85.151706 45.424994 21.695269
844 84.641617 45.159908 33.086948
845 84.728147 45.092039 44.801108
846 84.954259 44.307160 55.920105
847 84.352146 44.941512 67.264865
848 85.241976 44.669295 77.366682
849 85.605517 44.702231 88.875332
850 85.629793 44.968887 99.758566
851 84.668680 54.874205 99.453543
852 84.709814 54.417798 10.767904
853 85.151707 55.424995 21.695269
854 84.641617 55.159910 33.086948
855 84.728147 55.092040 44.801108
856 84.954259 54.307161 55.920105
857 84.352145 54.941513 67.264865
858 85.241976 54.669296 77.366683
859 85.605517 54.702232 88.875332
860 85.629793 54.968889 99.758566
861 84.668680 64.874206 99.453543
862 84.709814 64.417799 10.767904
863 85.151707 65.424996 21.695269
864 84.641617 65.159911 33.086948
865 84.728148 65.092041 44.801108
866 84.954259 64.307162 55.920105
867 84.352146 64.941514 67.264865
868 85.241976 64.669297 77.366683
869 85.605517 64.702233 88.875332
870 85.629793 64.968890 99.758566
871 84.668680 74.874207 99.453543
872 84.709814 74.417799 10.767904
873 85.151706 75.424996 21.695268
874 84.641617 75.159912 33.086948
875 84.728148 75.092042 44.801108
876 84.954259 74.307163 55.920105
877 84.352146 74.941514 67.264864
878 85.241976 74.669297 77.366683
879 85.605517 74.702233 88.875331
880 85.629793 74.968890 99.758566
881 84.668680 84.874206 99.453543
882 84.709815 84.417799 10.767904
883 85.151706 85.424996 21.695268
884 84.641617 85.159911 33.086947
885 84.728148 85.092041 44.801108
886 84.954258 84.307163 55.920105
887 84.352146 84.941514 67.264864
888 85.241976 84.669297 77.366683
889 85.605517 84.702233 88.875331
890 85.629793 84.968890 99.758566
891 84.668680 94.874206 99.453543
892 84.709815 94.417799 10.767904
893 85.151706 95.424995 21.695268
894 84.641617 95.159911 33.086947
895 84.728148 95.092041 44.801108
896 84.954258 94.307162 55.920105
897 84.352146 94.941513 67.264864
898 85.241976 94.669296 77.366683
899 85.605517 94.702232 88.875330
900 85.629793 94.968889 99.758566
901 94.668679 4.874204 99.453543
902 94.709814 4.417797 10.767904
903 95.151705 5.424994 21.695268
904 94.641616 5.159909 33.086947
905 94.728146 5.092040 44.801108
906 94.954257 4.307161 55.920105
907 94.352145 4.941513 67.264865
908 95.241975 4.669295 77.366682
909 95.605516 4.702231 88.875330
910 95.629792 4.968888 99.758566
911 94.668679 14.874203 99.453542
912 94.709814 14.417796 10.767904
913 95.151705 15.424993 21.695268
914 94.641616 15.159908 33.086947
915 94.728146 15.092039 44.801108
916 94.954257 14.307160 55.920105
917 94.352145 14.941512 67.264865
918 95.241975 14.669295 77.366682
919 95.605516 14.702230 88.875331
920 95.629792 14.968887 99.758566
921 94.668679 24.874203 99.453542
922 94.709813 24.417795 10.767904
923 95.151705 25.424992 21.695268
924 94.641617 25.159907 33.086947
925 94.728146 25.092038 44.801108
926 94.954257 24.307159 55.920105
927 94.352145 24.941512 67.264865
928 95.241975 24.669294 77.366682
929 95.605516 24.702230 88.875331
930 95.629793 24.968886 99.758566
931 94.668679 34.874203 99.453542
932 94.709813 34.417796 10.767904
933 95.151706 35.424993 21.695269
934 94.641616 35.159908 33.086948
935 94.728146 35.092038 44.801108
936 94.954257 34.307159 55.920105
937 94.352145 34.941512 67.264865
938 95.241975 34.669295 77.366682
939 95.605516 34.702230 88.875331
940 95.629793 34.968886 99.758566
941 94.668679 44.874204 99.453543
942 94.709813 44.417797 10.767904
943 95.151706 45.424994 21.695269
944 94.641616 45.159908 33.086948
945 94.728146 45.092039 44.801107
946 94.954258 44.307160 55.920104
947 94.352145 44.941513 67.264865
948 95.241975 44.669296 77.366682
949 95.605516 44.702231 88.875332
950 95.629793 44.968887 99.758566
951 94.668679 54.874205 99.453543
952 94.709813 54.417798 10.767904
953 95.151706 55.424995 21.695269
954 94.641616 55.159909 33.086948
955 94.728146 55.092040 44.801107
956 94.954258 54.307161 55.920105
957 94.352145 54.941514 67.264865
958 95.241975 54.669297 77.366683
959 95.605516 54.702232 88.875332
960 95.629792 54.968889 99.758566
961 94.668679 64.874206 99.453543
962 94.709813 64.417799 10.767904
963 95.151706 65.424996 21.695269
964 94.641616 65.159911 33.086948
965 94.728147 65.092041 44.801107
966 94.954258 64.307163 55.920105
967 94.352145 64.941514 67.264865
968 95.241975 64.669297 77.366683
969 95.605516 64.702233 88.875331
970 95.629792 64.968890 99.758566
971 94.668679 74.874206 99.453543
972 94.709813 74.417800 10.767904
973 95.151706 75.424996 21.695268
974 94.641616 75.159911 33.086948
975 94.728147 75.092042 44.801107
976 94.954258 74.307163 55.920105
977 94.352145 74.941515 67.264865
978 95.241975 74.669298 77.366683
979 95.605516 74.702233 88.875331
980 95.629792 74.968890 99.758566
981 94.668679 84.874206 99.453543
982 94.709813 84.417799 10.767904
983 95.151705 85.424996 21.695268
984 94.641616 85.159911 33.086948
985 94.728147 85.092042 44.801108
986 94.954258 84.307163 55.920105
987 94.352145 84.941514 67.264865
988 95.241975 84.669297 77.366683
989 95.605516 84.702233 88.875331
990 95.629792 84.968890 99.758566
991 94.668679 94.874205 99.453543
992 94.709814 94.417798 10.767904
993 95.151705 95.424995 21.695268
994 94.641616 95.159910 33.086947
995 94.728147 95.092041 44.801108
996 94.954257 94.307162 55.920105
997 94.352145 94.941513 67.264865
998 95.241975 94.669296 77.366683
999 95.605516 94.702232 88.875330
1000 95.629792 94.968889 99.758566
