9 9709
489 648
541 12705
1086 3066
2572 15620
2694 11070
4329 12932
4698 11647
4979 13518
8016 11460
8388 12376
11826 16064
13320 14008
9 9709
489 648
541 12705
1086 3066
2572 15620
2694 11070
4329 12932
4698 11647
4979 13518
8016 11460
8388 12376
11826 16064
13320 14008
7841 10523
6666 10004
2009 8672
7925 9029
2353 14038
3696 5956
2166 14176
2376 8633
6950 8633
2376 7965
1589 14907
8823 10674
13554 14573
9274 11702
1859 1895
4790 8719
5625 11798
8428 15201
4696 14180
7591 12446
10324 13607
1710 5856
178 3491
11994 12666
6434 11751
2484 13924
3227 3903
6180 14497
1811 14999
2596 15340
4576 12438
13185 15927
503 15606
380 13064
1525 7389
2298 5165
136 9312
3380 10833
8550 9581
1961 4649
10461 13707
14181 14892
2765 12642
4098 6377
5222 10330
6195 10333
6867 13287
2382 13812
3141 9196
7645 15063
372 7147
1672 12505
6469 13176
88 1279
2320 8506
4401 5548
4160 5765
7407 10441
8902 9250
1565 4517
4063 15727
4517 13535
6042 11503
2606 10901
5315 14935
5347 8118
3102 6807
1320 6989
4772 12321
5870 7603
8006 8486
11763 11823
2515 7388
2772 12391
2782 11934
3481 11638
4239 7257
4554 5893
12144 14503
4665 5768
1299 10798
7791 13488
10638 15192
11371 14645
13986 14167
836 12641
1230 6368
1349 12478
2995 6929
3818 12350
2250 11307
294 865
321 13125
2849 12822
4650 5717
6285 14633
7856 11676
6009 8798
8159 9053
1791 11877
10497 13897
5014 10579
7548 11740
611 9261
790 1355
1709 16029
10925 11107
14207 14272
14209 14917
4965 9095
8471 15225
5001 13024
5963 9732
9103 10332
9708 10065
10783 12872
511 4106
2311 8132
101 11922
220 14933
555 11366
1905 15589
2583 11276
2795 9886
6592 10799
11585 11675
1943 16091
5658 11949
5976 14405
11758 14737
4124 13991
10493 11862
1330 9324
5790 12187
69 2127
1550 10675
4749 7576
7527 12764
15007 15590
4610 5685
6949 14555
3576 13571
4210 12224
4962 8968
5430 15337
7774 14871
7795 8112
263 2107
1178 3328
470 4156
2510 11565
2965 4602
3027 8766
3589 9194
5305 9963
6310 7335
3702 6097
535 1541
8620 10277
9970 15316
3042 6035
5209 9187
5367 11421
3024 12914
3695 12279
4195 6045
4326 10613
9152 13650
9822 13653
9938 10812
1349 8386
1404 14174
8555 9091
10070 11277
964 9774
3439 9729
4719 6881
7370 15174
633 1019
1080 2243
4632 10455
5006 11457
7422 11537
11457 13896
165 2015
6029 11437
11567 13265
2896 15831
4232 14234
3371 5303
5196 5756
13353 13454
997 9366
5291 11448
6510 7532
6927 10273
4549 5585
739 8277
966 14829
1437 4393
1554 4922
4320 10052
8080 14876
13631 14970
1387 9513
2366 10305
2623 12609
4320 15269
7097 8955
1513 4349
1947 6603
2734 15460
4022 4082
6507 14095
8784 10103
8811 15819
8918 10480
245 9055
597 3772
752 6644
1055 13424
1555 10398
2028 7804
2117 9823
2828 6178
3565 14278
3772 11406
5063 13212
11421 15851
12808 13026
13807 15533
448 14795
1469 14827
2410 3107
2841 8835
3352 13275
5414 12978
5838 8894
6107 11312
7072 13258
7464 10552
8894 15782
14795 16116
201 6093
938 9705
1441 7030
3114 13204
4177 4719
6975 14205
7803 9509
8462 8750
8858 11768
8945 14590
500 7911
2049 12760
2401 2906
2766 15443
3116 5188
3459 10653
4014 7862
8064 9103
9496 9652
14975 15113
77 1297
265 11025
934 15850
1105 4754
3390 9067
4080 4852
4395 10030
7285 8802
7310 7977
7491 11212
10439 12072
12645 13647
87 9428
114 8150
1516 5016
1748 3342
1766 11539
2074 8878
2130 3388
2624 4545
2847 8620
4661 11025
5445 6572
6210 12283
6307 11449
6684 14441
7437 15564
7536 9556
9260 10411
10160 14115
15615 16019
301 13374
404 11339
1616 13737
1783 5927
1968 2012
2193 13870
2618 2655
3352 13373
3450 10287
4139 4289
4574 15494
5193 6634
5711 10518
5988 9187
6001 13659
6806 8684
7646 13147
8117 8763
8125 15735
11179 13340
11339 11450
12442 13147
13200 14784
13921 14748
496 1079
874 1226
1205 4841
1341 3614
1363 4261
1673 14590
1763 1798
1771 9876
1771 2262
1918 7403
2168 12065
2193 3236
2279 15605
2645 3044
2734 5517
2993 3859
2993 15514
3209 10325
3414 6224
3717 8196
4100 11868
4257 10084
4261 8266
4465 13298
4510 13466
4616 6495
5517 11964
5663 15814
6454 10092
6644 10517
7136 7939
7403 11483
7552 8706
7871 10084
7923 11838
8427 13535
8823 9899
9363 10067
10106 13287
10830 15787
11393 11711
11415 12827
11479 15533
127 5696
607 9605
970 5293
1696 13089
1810 7707
2173 4890
2267 3698
2336 10939
2488 5898
2532 14662
2658 9453
2688 12963
2829 9625
2900 6631
3059 10312
3194 10373
3354 12510
3522 8089
3562 14997
3689 9118
3707 10501
4292 11243
4577 8755
4640 11557
4759 4973
4874 15807
4985 4987
5060 5748
5202 8635
5429 5620
6090 9407
6704 10062
6741 11073
6830 11221
6831 10795
7232 15089
7381 11651
7535 13996
8064 13102
8108 10468
9038 15166
9560 10889
9674 14920
10335 15281
10762 12556
11138 16007
11376 14394
11442 12006
11442 14667
11616 12605
11758 15158
11815 15695
13075 15166
62 9184
98 252
123 4587
240 5392
266 10844
266 16098
306 8432
543 5454
719 14920
1244 15117
1311 11519
1317 9025
1497 4151
1723 12089
1875 1993
1914 3837
2085 10979
2085 14134
2130 15562
2195 9811
2273 6975
2374 3243
2374 6331
2422 2679
2488 4084
2550 3004
2679 15754
2688 2712
2979 6487
3004 12333
3050 11527
3114 5596
3244 15140
3385 6093
3516 10182
3553 5344
3773 8619
3783 6094
3837 4078
3842 9923
4312 8044
4502 10273
4532 8672
4989 8243
5240 5548
5288 10067
5344 6090
5369 16034
5433 6720
5452 6331
5581 15560
5652 15562
6072 15380
6319 10222
6473 7918
6542 15275
6673 6979
6745 8619
6754 9154
7069 7305
7813 10986
7965 12807
7984 13755
8153 11527
8233 15636
8293 8771
8478 10158
8500 15989
8896 12495
9184 12042
9453 14927
9735 13491
10021 14245
10147 14700
10222 11138
10812 15327
11188 11931
11734 15874
11782 14927
11958 13864
11958 14271
12131 14017
12306 14290
12496 15187
12985 14017
14661 15105
14713 15187
15021 15850
15308 15507
76 6115
177 10609
325 12442
351 5287
386 12750
465 14168
529 2393
793 13101
793 11427
797 13258
797 8249
839 12442
873 2519
903 13941
947 13026
1084 5085
1084 15024
1121 9296
1177 15928
1260 12288
1260 4688
1314 4443
1603 13855
1619 8798
1836 6479
1850 4246
1875 6792
2000 12138
2106 15797
2106 9300
2107 13642
2173 3244
2173 5150
2273 14857
2436 9665
2458 9356
2485 6125
2490 6079
2494 14537
2747 9235
3175 9787
3224 14086
3306 4688
3487 6252
3489 12241
3564 15873
3735 14827
3916 6102
3930 6583
3975 15816
4039 12203
4156 13008
4223 6432
4246 12611
4285 14843
4305 6252
4358 5818
4731 4792
4731 11489
4779 9025
4861 15906
4901 11266
4976 11987
5043 8406
5055 15301
5371 12566
5558 13619
5717 8409
5719 16096
5818 7925
5868 8917
5987 12624
5987 15565
6002 12395
6035 7835
6041 11691
6044 14832
6082 6208
6125 7635
6208 6389
6432 14539
6432 14927
6693 14842
6964 15102
6966 13619
7054 8836
7299 8907
7305 12143
7325 15187
7382 11572
7452 10482
7452 10151
7527 9070
7571 8942
7640 9882
7668 10599
7709 13337
7835 8773
7878 9787
8140 12495
8156 9599
8262 15908
8613 8907
8836 12710
9018 11962
9356 10169
9469 10845
9500 13026
9548 14530
9665 14563
9787 11243
9858 14997
9882 12654
10329 15568
10364 12986
10551 11980
10585 14015
10954 13632
11442 13394
11442 13717
12071 12698
12750 13000
12876 14171
12992 14952
13008 14123
14202 15483
14278 15816
14586 15240
15187 16037
15402 15908
15673 15674
203 9669
220 5386
268 11916
279 10504
346 13179
346 8373
371 12509
414 3851
494 2650
528 4995
560 8801
579 5344
653 15906
720 2288
774 14433
885 16046
885 2830
1029 1781
1029 10828
1074 8182
1148 2236
1148 3969
1155 8774
1157 4043
1229 11430
1290 3571
1290 7524
1311 14017
1394 11589
1445 5457
1467 2907
1467 15560
1467 13547
1575 14400
1728 9935
1733 8162
1820 10877
1874 11415
1891 7874
1902 9018
1955 4161
2136 8785
2173 11547
2214 15518
2236 14747
2247 12320
2249 2379
2258 2494
2288 4894
2394 2748
2394 5934
2414 15006
2459 9607
2460 10779
2460 5547
2490 14642
2514 7145
2594 5307
2645 8565
2645 4057
2679 15562
2679 5652
2707 4010
2747 4000
2855 8774
2855 8826
2880 11675
2907 5987
2949 9116
3063 3974
3082 12789
3152 7524
3337 10860
3338 12065
3338 3343
3343 12689
3349 5835
3391 5307
3433 12203
3438 6123
3498 9141
3498 14842
3649 9503
3655 4161
3688 8031
3698 11244
3735 9918
3760 12602
3760 14792
3774 10860
3903 10504
3944 10779
3974 9787
3974 6738
3976 9509
4000 14219
4019 9402
4066 9918
4092 14263
4101 12454
4251 4369
4251 6385
4337 9903
4459 14796
4481 11879
4608 15005
4861 15751
5093 9614
5152 10879
5197 14622
5237 13461
5269 6285
5287 5979
5344 6331
5350 6385
5386 15484
5484 13944
5484 9297
5575 15669
5726 8747
5756 8509
5835 6331
5979 13536
5979 12720
5987 12442
6002 15846
6178 7089
6182 11383
6278 13944
6285 12740
6414 13281
6433 11096
6444 9243
6449 11787
6449 10195
6522 7354
6703 13856
6792 13511
6814 8162
6814 6971
6883 14187
6948 12199
7389 14054
7406 15951
7571 12007
7571 9362
7609 14569
7775 15900
7906 11226
7955 9904
8093 10394
8210 14433
8407 9032
8420 10244
8565 11814
8801 14054
9116 9315
9133 16096
9141 13824
9166 11740
9228 9283
9356 11397
9356 13856
9527 10262
9607 10271
10010 13511
10313 10419
10394 14622
10394 15253
10601 14956
10828 15873
11367 15951
11547 14017
11675 14956
11691 13557
11715 12950
11949 12658
11962 14400
12023 15695
12605 15560
12720 13900
12991 15518
13389 13689
13476 15794
15562 15669
3 4301
10 9306
99 15151
99 6893
105 7698
120 14054
215 13749
226 957
228 14133
228 3462
230 14645
252 12089
276 12439
276 11013
337 6591
368 9253
415 5894
415 13669
415 13511
421 12360
421 6347
438 5032
438 9665
571 9341
652 14637
653 15751
681 2749
704 5392
704 15007
730 11959
730 3498
759 7657
783 2409
797 13111
797 4434
798 13441
798 14473
810 12951
810 15951
818 14661
852 1430
893 4251
900 15840
908 9353
957 8194
975 10394
981 7742
1032 2380
1094 3848
1146 2478
1148 7532
1172 2409
1184 5381
1229 9032
1248 8094
1392 9306
1430 12720
1435 11309
1438 3586
1445 14956
1461 15898
1574 5806
1632 10497
1658 5884
1658 15260
1792 2106
1855 10798
1870 5298
1899 4579
1899 10094
1991 6902
2100 14310
2100 5392
2106 15195
2110 3626
2111 4285
2221 14956
2249 14343
2254 15010
2380 9775
2387 9593
2387 14637
2459 11318
2534 9081
2534 13333
2579 5386
2594 11768
2707 15695
2748 5513
2794 7452
2911 7878
2911 12979
2965 6663
2975 4948
3002 14068
3177 3748
3314 10833
3459 10419
3489 3760
3489 14245
3498 9625
3499 3689
3503 8785
3503 6714
3509 5961
3601 3748
3601 8009
3601 12055
3689 4597
3760 7707
3762 5100
3770 14054
3774 8542
3783 12174
3783 9120
3916 10221
3926 9363
3974 12979
4009 15974
4009 4461
4009 14523
4061 13666
4085 4239
4085 8998
4101 15568
4101 7639
4143 10077
4202 8577
4202 6056
4223 11090
4231 15879
4231 11894
4251 12909
4259 6902
4261 6125
4261 9025
4343 7435
4362 15184
4366 7695
4402 7452
4440 12642
4547 10446
4597 11359
4645 8614
4712 15592
4720 12388
4743 14647
4800 13354
4946 14480
4994 9124
5012 7418
5043 8577
5043 7571
5049 8798
5057 8005
5057 15027
5074 7923
5107 9536
5182 13250
5329 14133
5386 9977
5430 7259
5441 5916
5441 7795
5513 11318
5513 10877
5614 15763
5625 7259
5626 16035
5645 12320
5761 8619
5779 6724
5818 8784
5818 14777
5827 15260
5884 13499
5939 10530
5961 11013
5979 9665
6044 6240
6044 13632
6125 10468
6128 9124
6128 10530
6240 8727
6319 9569
6444 13354
6522 15027
6591 8619
6635 12854
6635 13969
6663 12527
6930 13666
6990 12345
7169 9725
7180 8249
7180 13111
7374 13025
7403 9811
7403 9903
7532 15195
7532 8785
7548 9744
7609 9822
7609 15695
7635 9025
7645 9032
7668 10113
7707 14042
7742 11732
7744 12377
7802 14426
7816 14068
7904 10828
8085 14777
8194 8542
8278 15966
8577 12377
8614 9830
8717 13136
8743 15730
8798 11090
8807 15674
8998 12648
9051 9652
9072 10038
9192 11599
9225 12725
9363 14513
9402 13102
9536 15151
9560 15541
9625 11675
9725 9744
9775 11979
9811 15113
9814 14343
9908 15837
9920 14480
9977 12271
10083 13304
10094 15364
10195 15796
10228 15497
10287 12527
10419 11734
10730 13659
10735 15831
10828 13056
11266 12098
11309 12909
11808 15260
11890 13839
11987 14803
12007 12720
12026 12345
12058 14647
12089 15679
12098 13143
12388 12979
12627 14400
13096 15920
13491 15560
13649 14400
13669 14874
13815 13976
13891 15966
13985 14637
14015 15106
15027 15497
65 10996
99 14187
99 7125
230 5670
230 10597
246 273
246 8614
268 1392
268 10038
273 1902
421 10996
504 12199
571 3564
648 8044
648 1843
729 14537
759 5670
759 7418
775 10597
798 12021
798 7370
855 6449
908 12485
908 12320
978 7848
978 13839
1121 3433
1157 4039
1290 14838
1290 8243
1314 10065
1314 3667
1461 3516
1654 10845
1654 8278
1658 15928
1902 13136
1917 2433
1942 8351
1942 3501
2015 12830
2243 14095
2243 10455
2257 4498
2258 8200
2364 14171
2364 3445
2380 15852
2380 5100
2433 3689
2516 2818
2534 7709
2534 9486
2552 6496
2650 14523
2650 12986
2693 4202
2749 11961
2749 12830
2787 13969
2787 11564
2804 3829
2905 11030
2905 8998
2905 8168
2905 14625
2911 7524
2919 7308
2932 7775
2981 3546
2983 14586
2983 7643
2992 8677
3224 6634
3224 15729
3224 8243
3499 8200
3501 10476
3501 5882
3516 14480
3524 13839
3586 13599
3626 13757
3626 4270
3783 10176
3799 9814
3799 6433
3829 8998
3848 8150
3848 11489
3914 8614
3966 14944
3966 5806
4009 7709
4043 11949
4085 11826
4085 14625
4088 11890
4101 8031
4198 10705
4202 7775
4268 11237
4366 8278
4387 14040
4387 5298
4502 11090
4502 10433
4547 14848
4645 6251
4800 13888
5074 5126
5100 14574
5126 14796
5298 5513
5298 12174
5511 14480
5614 12199
5614 11090
5620 15401
5620 14010
5681 7070
5868 14068
5871 7259
5928 6449
5981 15555
6019 9196
6019 13354
6044 10077
6251 14187
6433 9486
6504 11565
6635 13868
6635 7145
6939 7396
7070 8044
7075 15814
7146 11405
7146 15526
7259 15380
7308 10840
7396 12246
7418 15135
7524 12058
7609 8200
8044 15928
8117 14040
8243 12058
8351 15154
8542 11825
8542 12360
8677 14171
8702 11537
8702 12174
8775 13558
8775 13757
9032 12246
9051 13941
9051 12761
9078 11565
9124 15699
9243 11405
9243 15518
10003 12377
10065 12246
10077 14523
10113 11537
10167 13605
10176 12485
10419 12464
10461 15518
10461 13660
10476 14637
10705 12377
10754 12021
11237 11489
11564 13868
11949 12174
12320 14068
13025 13059
13056 14586
13059 13749
13354 13888
13599 14095
13941 15401
14040 15745
14168 15699
14272 15380
14848 15275
230 1032
704 12058
704 4946
759 12071
1032 15852
1084 6240
1084 5126
1172 3499
1248 7382
1248 6029
1445 1461
1445 13599
1461 2015
1899 2735
1899 10003
1902 3499
2015 4946
2735 12527
2804 13538
3438 3829
3829 9607
3904 6504
4061 7668
4387 5002
4387 8774
4800 9243
4800 6504
5002 14095
5002 10575
5126 9094
5749 7308
5749 8677
5916 14343
5981 7165
5981 11251
6240 14523
7146 12789
7146 9607
7382 12071
7668 11987
8677 10003
8774 15831
9541 11564
10198 14426
10198 12071
10575 13059
10730 11405
11251 11628
11405 13888
11489 14745
11564 12527
11628 14343
11987 12771
12771 13059
13599 15831
14745 15308
15308 15380
