9 9709
489 648
541 12705
1086 3066
2572 15620
2694 11070
4329 12932
4698 11647
4979 13518
8016 11460
8388 12376
11826 16064
13320 14008
9 9709
489 648
541 12705
1086 3066
2572 15620
2694 11070
4329 12932
4698 11647
4979 13518
8016 11460
8388 12376
11826 16064
13320 14008
7841 10523
6666 10004
2009 8672
7925 9029
2353 14038
3696 5956
2166 14176
2376 8633
6950 8633
2376 7965
1589 14907
8823 10674
13554 14573
9274 11702
1859 1895
4790 8719
5625 11798
8428 15201
4696 14180
7591 12446
10324 13607
1710 5856
