9 9709
489 648
541 12705
1086 3066
2572 15620
2694 11070
4329 12932
4698 11647
4979 13518
8016 11460
8388 12376
11826 16064
13320 14008
9 9709
489 648
541 12705
1086 3066
2572 15620
2694 11070
4329 12932
4698 11647
4979 13518
8016 11460
8388 12376
11826 16064
13320 14008
7841 10523
6666 10004
2009 8672
7925 9029
2353 14038
3696 5956
2166 14176
2376 8633
6950 8633
2376 7965
1589 14907
8823 10674
13554 14573
9274 11702
1859 1895
4790 8719
5625 11798
8428 15201
4696 14180
7591 12446
10324 13607
1710 5856
178 3491
11994 12666
6434 11751
2484 13924
3227 3903
6180 14497
1811 14999
2596 15340
4576 12438
13185 15927
503 15606
380 13064
1525 7389
2298 5165
136 9312
3380 10833
8550 9581
1961 4649
10461 13707
14181 14892
2765 12642
4098 6377
5222 10330
6195 10333
6867 13287
2382 13812
3141 9196
7645 15063
372 7147
1672 12505
6469 13176
88 1279
2320 8506
4401 5548
4160 5765
7407 10441
8902 9250
1565 4517
4063 15727
4517 13535
6042 11503
2606 10901
5315 14935
5347 8118
3102 6807
1320 6989
4772 12321
5870 7603
8006 8486
11763 11823
2515 7388
2772 12391
2782 11934
3481 11638
4239 7257
4554 5893
12144 14503
4665 5768
1299 10798
7791 13488
10638 15192
11371 14645
13986 14167
836 12641
1230 6368
1349 12478
2995 6929
3818 12350
2250 11307
294 865
321 13125
2849 12822
4650 5717
6285 14633
7856 11676
6009 8798
8159 9053
1791 11877
10497 13897
5014 10579
7548 11740
611 9261
790 1355
1709 16029
10925 11107
14207 14272
14209 14917
4965 9095
8471 15225
5001 13024
5963 9732
9103 10332
9708 10065
10783 12872
511 4106
2311 8132
101 11922
220 14933
555 11366
1905 15589
2583 11276
2795 9886
6592 10799
11585 11675
1943 16091
5658 11949
5976 14405
11758 14737
4124 13991
10493 11862
1330 9324
5790 12187
69 2127
